-1.347939
1.459699
-0.708597
-1.373925
1.831347
-0.392747
-2.815764
1.865383
-1.741140
-1.207793
1.309722
0.124556
-4.170256
3.721538
-0.604445
-4.347222
1.701389
-2.455436
-1.110242
0.098506
0.095488
-5.125729
3.231187
-0.304320
-7.831831
4.981262
-1.609381
-4.707619
1.705714
-2.242228
-1.655006
-0.754392
-0.414283
-5.484151
1.499535
-0.119745
-11.985336
5.793046
-1.114857
-9.798122
7.498293
-0.620190
-2.682353
1.049720
-1.515054
-1.429625
-0.992306
-0.653898
-4.265957
-0.262411
-0.943648
-11.526630
5.224960
-1.365480
-12.472411
7.350265
-0.370115
-6.086677
6.689649
-0.102319
-0.526316
0.818713
-0.875295
-1.202916
-0.940547
-0.582517
-3.095236
-0.841978
-0.986987
-9.393403
2.857921
-1.299617
-11.089959
5.808385
-0.662273
-9.085510
6.616567
0.036680
-1.117308
2.828045
-0.317192
0.131068
1.009200
-0.364947
-1.213693
-0.488373
-0.587807
-2.203947
-0.618421
-0.763069
-4.930914
0.052791
-1.172219
-8.694748
4.513655
-0.677252
-8.056946
5.907691
-0.301136
-2.296895
4.932626
-0.258965
-0.000366
2.307934
-0.331491
-1.029331
-0.575062
-0.262127
-1.613784
-0.468046
-0.404980
-3.002069
-0.062352
-0.652840
-4.944342
1.554297
-0.870227
-6.406627
4.527308
-0.633266
-3.190914
5.103275
-0.682278
-0.470561
3.421631
-0.455390
-1.088159
-0.166515
-0.418923
-2.003307
-0.475970
-0.456127
-3.637513
0.645768
-0.724255
-4.609957
2.743030
-0.933392
-3.206169
4.395651
-0.658725
-1.305764
3.803308
-0.565990
-1.634672
-0.172176
-0.406546
-1.461352
0.466479
-0.194103
-3.353481
1.280696
-0.715799
-3.044267
3.122642
-0.892589
-1.710793
3.406390
-0.626055
-1.699572
0.181670
-0.350990
-1.714080
0.483169
-0.332808
-1.739789
1.228729
-0.402173
-1.806127
2.846409
-0.648823
-1.682195
0.431859
-0.378472
-1.892173
1.016974
-0.412990
-1.575109
1.652167
-0.372277
-1.727057
0.637110
-0.354570
-1.071170
1.185875
-0.217889
-1.251908
0.721374
0.120854
