0.040137
-0.326198
0.011324
0.073745
0.055705
0.054864
-0.015264
0.124629
0.069921
-0.037165
-0.078301
0.072967
-0.007884
-0.009411
0.014519
-0.017313
-0.029577
0.035064
0.008624
-0.027824
0.111889
-0.018645
0.018654
0.031274
0.027475
-0.009402
0.017022
-0.005791
-0.007908
-0.005378
-0.011556
-0.075381
0.099970
-0.011177
-0.016623
0.017961
-0.019734
-0.028901
0.019242
0.004832
0.013152
0.018321
0.047132
0.015560
0.013390
0.047386
-0.049604
0.128144
0.028367
0.020184
0.057179
-0.003534
0.027181
0.031421
-0.029249
0.025989
0.001353
-0.020786
0.020459
-0.006338
0.002340
0.010688
-0.011053
-0.020871
-0.043667
0.102742
-0.045102
-0.000228
0.028243
-0.004086
-0.026073
0.039628
-0.005758
0.001756
0.038220
-0.011318
-0.031100
-0.005837
-0.002020
-0.018827
-0.011341
0.066373
0.029519
0.074891
-0.010624
-0.064268
0.078862
0.013459
-0.020273
0.029832
0.009720
-0.023263
0.045252
0.052669
0.076209
0.008689
0.014152
-0.001377
0.000876
-0.002411
-0.004569
-0.013654
-0.041695
0.012889
0.023165
0.044746
0.019618
0.119155
0.024003
0.019116
0.022956
-0.021805
-0.035009
0.044982
-0.018688
0.079652
0.000674
-0.042651
-0.010423
0.010378
0.004286
0.001853
0.000689
0.001853
0.060371
0.021227
-0.089555
0.016309
0.024229
0.032156
-0.005017
0.052318
0.011932
0.009216
0.038784
-0.025014
-0.068287
0.008810
-0.006234
0.010915
-0.003142
0.009910
0.059800
0.007218
0.029378
-0.026672
0.009210
-0.003959
0.031468
0.010339
0.003701
0.002454
0.020107
0.050354
0.043697
-0.003014
0.051958
0.017401
0.011112
-0.003995
-0.006765
0.018284
0.036629
0.025976
0.025349
-0.011893
0.004020
0.005875
-0.051192
-0.011666
0.077163
-0.012904
0.009101
-0.034000
0.022720
-0.000416
0.001185
0.000572
0.044807
0.072815
-0.099663
-0.042503
-0.010951
-0.029587
-0.037827
0.028892
0.013217
0.174155
0.065812
