-0.010758
-0.106921
0.620648
0.087054
-0.408093
0.211826
-0.015165
-0.034725
0.392975
-0.143137
-0.120506
0.151446
-0.209988
0.240390
0.342919
-0.397911
0.183476
0.850657
0.063465
-0.119840
0.273199
-0.009010
0.109071
0.303623
0.050546
0.017469
0.367915
0.033483
0.000450
0.630146
0.099522
-0.065540
0.232305
-0.313474
-0.331646
0.304967
0.016912
0.200666
0.385872
0.127533
0.038435
0.327189
-0.133219
0.377358
0.786079
-0.076305
-0.112583
0.180251
-0.105679
-0.117178
0.365081
-0.152235
-0.136110
0.382803
0.117915
0.010121
0.344334
-0.169623
0.289347
0.307524
0.023090
0.096635
0.668252
0.109518
0.177949
0.253535
-0.357075
-0.210589
0.384167
-0.107370
-0.217619
0.247250
-0.306250
-0.343421
0.356545
-0.337516
-0.206536
0.176804
0.113780
-0.068976
0.514823
0.147735
0.066023
0.989705
0.156400
-0.267743
0.089094
-0.530536
-0.350117
0.333435
0.075919
-0.039555
0.224427
-0.070075
0.163268
0.538157
-0.002633
-0.022289
0.417161
-0.238947
0.062854
0.342893
0.053892
0.203593
0.706655
-0.133224
-0.207566
-0.091290
-0.070945
0.158434
0.211748
-0.107237
-0.482289
0.173102
-0.109816
0.083779
0.370088
-0.064675
-0.218996
0.384148
-0.042814
-0.072386
0.391643
-0.348778
0.046055
0.546737
-0.428185
-0.642201
-0.186449
-0.130708
0.015356
0.048771
-0.028339
0.083642
0.186466
-0.255499
0.142548
0.345754
0.116234
0.091768
0.432583
0.007574
0.341054
0.648636
-2.297112
0.444656
-0.068594
-0.312181
0.086521
0.238179
-0.019569
-0.286337
0.169823
-0.350462
0.005634
0.328664
-0.012195
0.128049
0.577861
-0.483297
0.333940
0.161535
-0.181169
0.022619
-0.128924
-0.169628
0.111251
0.358583
-0.264648
0.083098
0.477901
-0.298121
-0.138792
0.198703
-0.163811
0.007033
0.503021
-0.316972
0.206450
0.547783
-0.419776
0.442293
0.587003
-0.037956
1.158733
0.610983
-1.404135
0.596805
0.923320
